500 3.2393 3.2568
1000 3.0391 3.0611
1500 2.8578 2.8633
2000 2.7470 2.7540
2500 2.6777 2.6723
3000 2.6134 2.5989
3500 2.5773 2.5564
4000 2.4909 2.4936
4500 2.4514 2.4332
5000 2.3931 2.4138
5500 2.3490 2.3702
6000 2.2954 2.3217
6500 2.2769 2.3289
7000 2.2589 2.2763
7500 2.2518 2.2894
8000 2.2511 2.2548
8500 2.2131 2.2611
9000 2.1635 2.2167
9500 2.1569 2.2191
10000 2.1583 2.2165
10500 2.1451 2.1962
11000 2.1165 2.1943
11500 2.0842 2.1671
12000 2.0913 2.1497
12500 2.0719 2.1547
13000 2.0639 2.1444
13500 2.0416 2.1171
14000 2.0198 2.1135
14500 2.0273 2.1226
15000 2.0040 2.0873
15500 2.0049 2.1277
16000 2.0134 2.0926
16500 1.9687 2.0952
17000 1.9516 2.0613
17500 1.9519 2.0604
18000 1.9517 2.0731
18500 1.9629 2.0644
19000 1.9416 2.0343
19500 1.9045 2.0463
20000 1.9101 2.0099
20500 1.8962 1.9975
21000 1.9029 2.0186
21500 1.8680 2.0177
22000 1.8785 1.9909
22500 1.8724 2.0233
23000 1.8673 2.0027
23500 1.8402 2.0430
24000 1.8325 2.0018
24500 1.8564 1.9931
25000 1.8252 1.9913
25500 1.8178 1.9687
26000 1.8129 2.0043
26500 1.8343 1.9756
27000 1.7971 1.9934
27500 1.8069 1.9854
28000 1.7963 1.9745
28500 1.7963 1.9628
29000 1.8031 1.9622
29500 1.7974 1.9603
30000 1.8053 1.9669
30500 1.7837 1.9518
31000 1.7987 1.9529
31500 1.7498 1.9213
32000 1.7687 1.9202
32500 1.7481 1.9448
33000 1.7361 1.9343
33500 1.7656 1.9218
34000 1.7464 1.8988
34500 1.7148 1.8976
35000 1.7670 1.9191
35500 1.7289 1.9103
36000 1.7433 1.9346
36500 1.7386 1.9211
37000 1.7289 1.9126
37500 1.6883 1.9095
38000 1.7015 1.8906
38500 1.7228 1.9032
39000 1.7185 1.9189
39500 1.7181 1.8922
40000 1.6966 1.9151
40500 1.7152 1.8963
41000 1.7082 1.8680
41500 1.7141 1.8884
42000 1.6824 1.8560
42500 1.7000 1.8518
43000 1.6738 1.8845
43500 1.6767 1.8880
44000 1.6800 1.8828
44500 1.6842 1.8772
45000 1.6720 1.8929
45500 1.6762 1.8815
46000 1.6947 1.8793
46500 1.6761 1.9073
47000 1.6767 1.8817
47500 1.6678 1.8753
48000 1.6540 1.8662
48500 1.6670 1.8369
49000 1.6541 1.8663
49500 1.6790 1.8632
50000 1.6377 1.8332
50500 1.6411 1.8424
51000 1.6375 1.8627
51500 1.6494 1.8750
52000 1.6544 1.8350
52500 1.6332 1.8492
53000 1.6501 1.8332
53500 1.6262 1.8693
54000 1.6400 1.8301
54500 1.6333 1.8646
55000 1.6391 1.8220
55500 1.6184 1.8448
56000 1.6314 1.8447
56500 1.6247 1.8503
57000 1.6538 1.8468
57500 1.6350 1.8556
58000 1.6206 1.8525
58500 1.6271 1.8317
59000 1.6233 1.7985
59500 1.6142 1.8189
60000 1.6046 1.8228
60500 1.6237 1.8272
61000 1.6171 1.8533
61500 1.6159 1.8085
62000 1.6000 1.8240
62500 1.5923 1.8208
63000 1.6050 1.8381
63500 1.6014 1.8411
64000 1.6133 1.8183
64500 1.6021 1.8488
65000 1.6233 1.8412
65500 1.5886 1.8171
66000 1.5808 1.8214
66500 1.5786 1.8109
67000 1.6145 1.8564
67500 1.6160 1.8319
68000 1.5996 1.7997
68500 1.6027 1.8296
69000 1.6114 1.8163
69500 1.5926 1.8374
70000 1.5766 1.8183
70500 1.6260 1.7825
71000 1.5821 1.8286
71500 1.5827 1.7735
72000 1.5842 1.8012
72500 1.5798 1.7994
73000 1.5841 1.8086
73500 1.5799 1.7922
74000 1.5851 1.8172
74500 1.5669 1.8189
75000 1.5873 1.8057
75500 1.5946 1.7592
76000 1.5722 1.7967
76500 1.5887 1.8321
77000 1.5804 1.7664
77500 1.5690 1.7698
78000 1.5866 1.7856
78500 1.5669 1.8019
79000 1.5553 1.7836
79500 1.5813 1.7924
80000 1.5395 1.7838
80500 1.5620 1.8070
81000 1.5567 1.8183
81500 1.5842 1.7693
82000 1.5656 1.7891
82500 1.5529 1.7654
83000 1.5498 1.7430
83500 1.5795 1.7731
84000 1.5804 1.7507
84500 1.5474 1.7948
85000 1.5604 1.7608
85500 1.5335 1.8011
86000 1.5566 1.7687
86500 1.5660 1.7595
87000 1.5611 1.7461
87500 1.5491 1.7524
88000 1.5532 1.7544
88500 1.5700 1.7809
89000 1.5747 1.7851
89500 1.5381 1.7763
90000 1.5392 1.7897
90500 1.5488 1.7816
91000 1.5466 1.7750
91500 1.5386 1.7437
92000 1.5417 1.7714
92500 1.5506 1.7370
93000 1.5541 1.7678
93500 1.5611 1.7621
94000 1.5544 1.7902
94500 1.5379 1.7415
95000 1.5644 1.7601
95500 1.5381 1.7687
96000 1.5485 1.8134
96500 1.5367 1.7432
97000 1.5482 1.7822
97500 1.5522 1.7745
98000 1.5551 1.7582
98500 1.5422 1.7883
99000 1.5391 1.7673
99500 1.5110 1.8081
100000 1.5483 1.7944
100500 1.5212 1.7502
101000 1.5417 1.7614
101500 1.5294 1.7235
102000 1.5398 1.7572
102500 1.5557 1.7673
103000 1.5436 1.7615
103500 1.5317 1.7719
104000 1.5296 1.7497
104500 1.5304 1.7790
105000 1.5508 1.7738
105500 1.5186 1.7422
106000 1.5121 1.7532
106500 1.5251 1.7654
107000 1.5269 1.7626
107500 1.5152 1.7630
108000 1.5275 1.7576
108500 1.5443 1.7416
109000 1.5461 1.7577
109500 1.5210 1.7416
110000 1.5128 1.7785
110500 1.5281 1.7843
111000 1.5055 1.7746
111500 1.5277 1.7882
112000 1.5084 1.7499
112500 1.5184 1.7284
113000 1.5067 1.7524
113500 1.4974 1.7645
114000 1.5314 1.7523
114500 1.5081 1.7340
115000 1.5116 1.7590
115500 1.5004 1.7546
116000 1.5200 1.7547
116500 1.5218 1.7596
117000 1.4869 1.7321
117500 1.5285 1.7594
118000 1.5243 1.7286
118500 1.5280 1.7602
119000 1.4955 1.7346
119500 1.5031 1.7142
120000 1.5088 1.7221
120500 1.4937 1.7359
121000 1.5144 1.7631
121500 1.4993 1.7641
122000 1.5244 1.7348
122500 1.5015 1.7554
123000 1.5037 1.7380
123500 1.5222 1.7709
124000 1.4956 1.7351
124500 1.5018 1.7387
125000 1.5094 1.7244
125500 1.5034 1.7236
126000 1.5019 1.7360
126500 1.5187 1.7154
127000 1.5441 1.7091
127500 1.4995 1.7638
128000 1.4892 1.7418
128500 1.5121 1.7367
129000 1.5156 1.7072
129500 1.5016 1.7379
130000 1.4978 1.7395
130500 1.5140 1.7301
131000 1.5058 1.7533
131500 1.5120 1.7833
132000 1.4908 1.7089
132500 1.5044 1.7197
133000 1.5003 1.7301
133500 1.4987 1.7386
134000 1.4823 1.7341
134500 1.5021 1.7519
135000 1.4959 1.7736
135500 1.4896 1.7348
136000 1.5139 1.7279
136500 1.5118 1.7431
137000 1.4766 1.7046
137500 1.5219 1.7402
138000 1.4890 1.7192
138500 1.5100 1.7569
139000 1.5012 1.7315
139500 1.5034 1.7028
140000 1.5109 1.7525
140500 1.4685 1.7372
141000 1.4829 1.7080
141500 1.4904 1.7060
142000 1.5063 1.7028
142500 1.5145 1.7082
143000 1.4891 1.7231
143500 1.4826 1.7353
144000 1.5028 1.7349
144500 1.4909 1.7176
145000 1.4992 1.7272
145500 1.4889 1.7422
146000 1.4916 1.7116
146500 1.4912 1.7369
147000 1.4693 1.7166
147500 1.4887 1.7361
148000 1.5129 1.7292
148500 1.4852 1.7429
149000 1.4962 1.7126
149500 1.4901 1.7051
150000 1.4987 1.7370
150500 1.4805 1.7382
151000 1.4879 1.7250
151500 1.4891 1.7141
152000 1.4856 1.7415
152500 1.4994 1.7483
153000 1.4807 1.7348
153500 1.4838 1.7236
154000 1.4948 1.7278
154500 1.4582 1.7237
155000 1.4892 1.7323
155500 1.4898 1.7338
156000 1.4783 1.6997
156500 1.4939 1.7353
157000 1.4877 1.7206
157500 1.5025 1.7122
158000 1.4865 1.7290
158500 1.4977 1.7203
159000 1.5039 1.7118
159500 1.4892 1.7246
160000 1.4708 1.7363
160500 1.5119 1.7068
161000 1.4801 1.7315
161500 1.4708 1.6914
162000 1.4775 1.7223
162500 1.5019 1.7150
163000 1.4710 1.7170
163500 1.4946 1.7290
164000 1.4973 1.7369
164500 1.4761 1.7127
165000 1.4707 1.7259
165500 1.4717 1.7433
166000 1.4887 1.7011
166500 1.4581 1.7519
167000 1.4741 1.7122
167500 1.4889 1.7199
168000 1.4868 1.6950
168500 1.4762 1.7088
169000 1.4685 1.7027
169500 1.4733 1.7125
170000 1.4860 1.7166
170500 1.4748 1.7029
171000 1.5035 1.7296
171500 1.4597 1.7332
172000 1.4848 1.7049
172500 1.4849 1.7177
173000 1.4751 1.6949
173500 1.4644 1.7278
174000 1.4648 1.7107
174500 1.4819 1.7191
175000 1.4625 1.7121
175500 1.4905 1.7167
176000 1.4850 1.7160
176500 1.4892 1.7228
177000 1.4744 1.7116
177500 1.4706 1.7133
178000 1.4872 1.6902
178500 1.4823 1.7432
179000 1.4950 1.7194
179500 1.4728 1.7075
180000 1.4397 1.6914
180500 1.4612 1.7322
181000 1.4591 1.7238
181500 1.4947 1.7472
182000 1.4399 1.7184
182500 1.4547 1.7229
183000 1.4759 1.7472
183500 1.4686 1.7089
184000 1.4753 1.7081
184500 1.4558 1.6889
185000 1.4564 1.7190
185500 1.4749 1.6893
186000 1.4672 1.7157
186500 1.4775 1.7272
187000 1.4684 1.7428
187500 1.4616 1.7221
188000 1.4558 1.7269
188500 1.4654 1.7067
189000 1.4836 1.7102
189500 1.4944 1.7156
190000 1.4720 1.6985
190500 1.4648 1.6933
191000 1.4751 1.7083
191500 1.4668 1.7170
192000 1.4584 1.6992
192500 1.4684 1.6803
193000 1.4661 1.6960
193500 1.4790 1.7061
194000 1.4734 1.7287
194500 1.4690 1.7084
195000 1.4856 1.7141
195500 1.4570 1.6877
196000 1.4695 1.7456
196500 1.4567 1.6875
197000 1.4816 1.7176
197500 1.4573 1.7055
198000 1.4514 1.7064
198500 1.4757 1.6795
199000 1.4770 1.6945
199500 1.4832 1.6911
200000 1.4548 1.7289
200500 1.4824 1.7390
201000 1.4775 1.6972
201500 1.4661 1.7060
202000 1.4469 1.7252
202500 1.4476 1.6906
203000 1.4675 1.7421
203500 1.4556 1.6908
204000 1.4640 1.7139
204500 1.4563 1.7027
205000 1.4437 1.7064
205500 1.4438 1.7156
206000 1.4601 1.7083
206500 1.4720 1.6975
207000 1.4560 1.7125
207500 1.4543 1.7176
208000 1.4646 1.6968
208500 1.4683 1.7037
209000 1.4841 1.7237
209500 1.4445 1.6951
210000 1.4515 1.7128
210500 1.4569 1.7068
211000 1.4610 1.7053
211500 1.4794 1.6886
212000 1.4248 1.7069
212500 1.4362 1.6780
213000 1.4693 1.7165
213500 1.4496 1.7262
214000 1.4602 1.6897
214500 1.4605 1.7124
215000 1.4620 1.7146
215500 1.4435 1.7101
216000 1.4763 1.7268
216500 1.4693 1.6998
217000 1.4775 1.7110
217500 1.4477 1.7061
218000 1.4704 1.6966
218500 1.4661 1.7145
219000 1.4651 1.6795
219500 1.4291 1.6769
220000 1.4543 1.6929
220500 1.4504 1.6821
221000 1.4513 1.7154
221500 1.4400 1.7009
222000 1.4704 1.7135
222500 1.4421 1.6794
223000 1.4600 1.7462
223500 1.4426 1.6739
224000 1.4374 1.6894
224500 1.4653 1.7152
225000 1.4390 1.6759
225500 1.4531 1.6955
226000 1.4680 1.6955
226500 1.4476 1.7361
227000 1.4479 1.6840
227500 1.4419 1.6924
228000 1.4526 1.7032
228500 1.4532 1.6786
229000 1.4612 1.7044
229500 1.4626 1.6919
230000 1.4547 1.6933
230500 1.4544 1.7204
231000 1.4728 1.6988
231500 1.4635 1.7055
232000 1.4482 1.6940
232500 1.4391 1.6706
233000 1.4462 1.6699
233500 1.4509 1.6815
234000 1.4369 1.6976
234500 1.4682 1.6675
235000 1.4718 1.7151
235500 1.4431 1.6942
236000 1.4630 1.7059
236500 1.4482 1.6775
237000 1.4604 1.6726
237500 1.4446 1.6906
238000 1.4518 1.6721
238500 1.4507 1.7128
239000 1.4580 1.6933
239500 1.4561 1.7085
240000 1.4282 1.6850
240500 1.4206 1.7006
241000 1.4507 1.6887
241500 1.4402 1.7064
242000 1.4496 1.7092
242500 1.4474 1.6982
243000 1.4514 1.6983
243500 1.4245 1.6947
244000 1.4646 1.7238
244500 1.4410 1.6970
245000 1.4388 1.6635
245500 1.4737 1.7034
246000 1.4406 1.7038
246500 1.4302 1.7109
247000 1.4541 1.6873
247500 1.4424 1.6878
248000 1.4679 1.7085
248500 1.4621 1.6855
249000 1.4507 1.6846
249500 1.4496 1.6922
250000 1.4568 1.6694
250500 1.4270 1.6867
251000 1.4454 1.6970
251500 1.4624 1.6841
252000 1.4416 1.7150
252500 1.4550 1.6946
253000 1.4359 1.7176
253500 1.4476 1.6650
254000 1.4542 1.7008
254500 1.4526 1.6971
255000 1.4371 1.6981
255500 1.4513 1.6952
256000 1.4431 1.7045
256500 1.4466 1.6561
257000 1.4523 1.6962
257500 1.4513 1.6943
258000 1.4295 1.7136
258500 1.4561 1.7037
259000 1.4490 1.6952
259500 1.4554 1.6802
260000 1.4576 1.6857
260500 1.4415 1.6996
261000 1.4523 1.7371
261500 1.4360 1.6924
262000 1.4494 1.7018
262500 1.4486 1.7134
263000 1.4445 1.7381
263500 1.4414 1.7154
264000 1.4302 1.7005
264500 1.4560 1.6843
265000 1.4389 1.6779
265500 1.4414 1.7024
266000 1.4338 1.6569
266500 1.4538 1.7055
267000 1.4523 1.7052
267500 1.4613 1.6935
268000 1.4761 1.6958
268500 1.4436 1.7049
269000 1.4476 1.7191
269500 1.4461 1.7090
270000 1.4337 1.6795
270500 1.4468 1.7021
271000 1.4320 1.7099
271500 1.4254 1.7086
272000 1.4538 1.6777
272500 1.4558 1.7135
273000 1.4287 1.6889
273500 1.4381 1.6666
274000 1.4432 1.7107
274500 1.4510 1.6992
275000 1.4503 1.6868
275500 1.4234 1.6690
276000 1.4347 1.6813
276500 1.4315 1.7077
277000 1.4283 1.6826
277500 1.4322 1.6902
278000 1.4481 1.6805
278500 1.4299 1.6869
279000 1.4470 1.6914
279500 1.4420 1.6961
280000 1.4564 1.6758
280500 1.4470 1.6953
281000 1.4516 1.6919
281500 1.4334 1.6692
282000 1.4482 1.6918
282500 1.4497 1.6982
283000 1.4345 1.6852
283500 1.4400 1.6876
284000 1.4490 1.6789
284500 1.4167 1.6734
285000 1.4443 1.7122
285500 1.4371 1.7045
286000 1.4431 1.7167
286500 1.4396 1.6883
287000 1.4169 1.7065
287500 1.4345 1.6994
288000 1.4456 1.6905
288500 1.4536 1.7269
289000 1.4322 1.6659
289500 1.4218 1.6891
290000 1.4445 1.7017
290500 1.4359 1.6753
291000 1.4527 1.7198
291500 1.4108 1.6968
292000 1.4293 1.7211
292500 1.4525 1.6876
293000 1.4242 1.6961
293500 1.4332 1.7152
294000 1.4462 1.7446
294500 1.4272 1.6856
295000 1.4191 1.7156
295500 1.4318 1.6932
296000 1.4395 1.6890
296500 1.4443 1.6981
297000 1.4184 1.7252
297500 1.4394 1.7067
298000 1.4327 1.6818
298500 1.4492 1.6660
299000 1.4267 1.6464
299500 1.4315 1.7080
300000 1.4405 1.6774
300500 1.4454 1.7145
301000 1.4241 1.6812
301500 1.4426 1.7027
302000 1.4371 1.6978
302500 1.4149 1.6910
303000 1.4509 1.7049
303500 1.4443 1.7000
304000 1.4624 1.7203
304500 1.4264 1.6883
305000 1.4349 1.7117
305500 1.4505 1.7066
306000 1.4391 1.6799
306500 1.4217 1.6853
307000 1.4330 1.6745
307500 1.4271 1.6688
308000 1.4412 1.6709
308500 1.4270 1.7090
309000 1.4529 1.6825
309500 1.4271 1.6862
310000 1.4375 1.6923
310500 1.4476 1.6803
311000 1.4362 1.6728
311500 1.4206 1.6887
312000 1.4140 1.7066
312500 1.4508 1.6920
313000 1.4205 1.6944
313500 1.4387 1.6665
314000 1.4205 1.6676
314500 1.4354 1.6896
315000 1.4291 1.6784
315500 1.4500 1.6440
316000 1.4319 1.6886
316500 1.4318 1.6899
317000 1.4317 1.6650
317500 1.4299 1.7088
318000 1.4331 1.6883
318500 1.4276 1.7081
319000 1.4329 1.7057
319500 1.4401 1.6940
320000 1.4447 1.6664
320500 1.4543 1.6496
321000 1.4126 1.6816
321500 1.4389 1.6700
322000 1.4282 1.6913
322500 1.4494 1.6824
323000 1.4327 1.6758
323500 1.4247 1.6715
324000 1.4217 1.6953
324500 1.4317 1.6995
325000 1.4347 1.7240
325500 1.4168 1.6840
326000 1.4342 1.6775
326500 1.4400 1.6861
327000 1.4420 1.6854
327500 1.4124 1.6948
328000 1.4228 1.6587
328500 1.4285 1.7265
329000 1.4445 1.6939
329500 1.4231 1.7086
330000 1.4337 1.6834
330500 1.4604 1.6787
331000 1.4321 1.6931
331500 1.4489 1.6819
332000 1.4326 1.7165
332500 1.4334 1.6808
333000 1.4166 1.7083
333500 1.4349 1.6862
334000 1.4197 1.6961
334500 1.4109 1.7065
335000 1.4452 1.6958
335500 1.4451 1.7037
336000 1.4476 1.7420
336500 1.4157 1.7026
337000 1.4319 1.6975
337500 1.4167 1.6838
338000 1.4196 1.7195
338500 1.4284 1.6935
339000 1.4065 1.6915
339500 1.4173 1.6841
340000 1.4467 1.6869
340500 1.4361 1.6592
341000 1.4408 1.6580
341500 1.4229 1.6876
342000 1.4178 1.6802
342500 1.4403 1.7224
343000 1.4192 1.7157
343500 1.4140 1.7173
344000 1.4352 1.7049
344500 1.4308 1.7258
345000 1.4194 1.7279
345500 1.4004 1.6927
346000 1.4313 1.7248
346500 1.4257 1.6851
347000 1.4163 1.6816
347500 1.4391 1.7014
348000 1.4124 1.6505
348500 1.4116 1.6835
349000 1.4391 1.6933
349500 1.4269 1.6912
350000 1.4486 1.6901
350500 1.4356 1.6820
351000 1.3962 1.6847
351500 1.4370 1.7162
352000 1.4315 1.6964
352500 1.4264 1.6785
353000 1.4134 1.6629
353500 1.4194 1.6651
354000 1.4180 1.6600
354500 1.4312 1.6930
355000 1.4036 1.6941
355500 1.4067 1.6593
356000 1.4204 1.6974
356500 1.4247 1.6719
357000 1.4375 1.6710
357500 1.4210 1.6694
358000 1.4214 1.7008
358500 1.4239 1.6781
359000 1.4109 1.6793
359500 1.4140 1.6882
360000 1.4169 1.6922
360500 1.4248 1.6784
361000 1.4269 1.7315
361500 1.4097 1.6890
362000 1.4034 1.7061
362500 1.4346 1.6604
363000 1.4208 1.7171
363500 1.4306 1.6600
364000 1.4380 1.7282
364500 1.4097 1.6965
365000 1.4122 1.6939
365500 1.4204 1.6726
366000 1.4134 1.6838
366500 1.4268 1.6822
367000 1.4330 1.6827
367500 1.4088 1.7172
368000 1.4120 1.6804
368500 1.4325 1.6725
369000 1.4258 1.6973
369500 1.4132 1.7207
370000 1.4408 1.6915
370500 1.4312 1.6808
371000 1.4171 1.6901
371500 1.4297 1.6799
372000 1.4373 1.6871
372500 1.4299 1.6582
373000 1.4439 1.6837
373500 1.4069 1.6875
374000 1.4250 1.6858
374500 1.4244 1.6658
375000 1.4216 1.6871
375500 1.4208 1.6726
376000 1.4177 1.6811
376500 1.4401 1.6938
377000 1.4349 1.6698
377500 1.4369 1.6767
378000 1.4215 1.6767
378500 1.4135 1.6614
379000 1.4215 1.6921
379500 1.4420 1.6955
380000 1.4409 1.6583
380500 1.4189 1.6725
381000 1.4203 1.6663
381500 1.4264 1.6401
382000 1.4202 1.6632
382500 1.4036 1.6718
383000 1.4472 1.6871
383500 1.4112 1.6587
384000 1.4322 1.6413
384500 1.4065 1.6870
385000 1.4344 1.6572
385500 1.4128 1.6814
386000 1.4335 1.6774
386500 1.4218 1.6622
387000 1.4315 1.6723
387500 1.4110 1.6724
388000 1.4206 1.6757
388500 1.4175 1.6442
389000 1.4275 1.6348
389500 1.4328 1.6745
390000 1.4117 1.6559
390500 1.3932 1.6800
391000 1.4150 1.6855
391500 1.4305 1.6756
392000 1.4221 1.6518
392500 1.4266 1.6835
393000 1.4393 1.7394
393500 1.4250 1.7223
394000 1.4355 1.6996
394500 1.4345 1.7051
395000 1.4182 1.6761
395500 1.4053 1.6711
396000 1.4160 1.6911
396500 1.4078 1.6567
397000 1.4195 1.6814
397500 1.4189 1.7072
398000 1.3966 1.6805
398500 1.4119 1.6671
399000 1.4448 1.7104
399500 1.4173 1.6594
400000 1.4401 1.6819
400500 1.4060 1.6627
401000 1.4184 1.6554
401500 1.4127 1.6737
402000 1.4022 1.6807
402500 1.4323 1.6932
403000 1.4120 1.6892
403500 1.4236 1.6599
404000 1.4268 1.6743
404500 1.4050 1.7087
405000 1.4122 1.6603
405500 1.4272 1.6596
406000 1.4227 1.6685
406500 1.4078 1.6790
407000 1.4172 1.6581
407500 1.4316 1.6757
408000 1.4177 1.6872
408500 1.4138 1.6683
409000 1.4091 1.6627
409500 1.4358 1.6528
410000 1.4188 1.6541
410500 1.4143 1.6878
411000 1.4387 1.6788
411500 1.4206 1.6761
412000 1.4063 1.6908
412500 1.4146 1.6589
413000 1.4151 1.6518
413500 1.4124 1.6579
414000 1.4124 1.6861
414500 1.4143 1.6956
415000 1.3985 1.6748
415500 1.4155 1.6920
416000 1.3991 1.6983
416500 1.4147 1.6531
417000 1.4225 1.6531
417500 1.4226 1.6689
418000 1.4293 1.6550
418500 1.4380 1.6713
419000 1.4087 1.6729
419500 1.4315 1.6987
420000 1.4142 1.6555
420500 1.4119 1.6681
421000 1.4230 1.6704
421500 1.4297 1.6569
422000 1.4464 1.6603
422500 1.3910 1.6842
423000 1.4125 1.6735
423500 1.4373 1.7003
424000 1.4072 1.6797
424500 1.4156 1.6799
425000 1.4059 1.6739
425500 1.4155 1.6752
426000 1.4231 1.6626
426500 1.4309 1.6415
427000 1.4039 1.6741
427500 1.4163 1.6686
428000 1.4083 1.6700
428500 1.4179 1.6332
429000 1.4050 1.6775
429500 1.4247 1.7047
430000 1.4174 1.6489
430500 1.4064 1.7124
431000 1.4262 1.6845
431500 1.4254 1.6764
432000 1.4020 1.6616
432500 1.4318 1.6628
433000 1.4078 1.6806
433500 1.4027 1.6766
434000 1.4111 1.6543
434500 1.4162 1.6324
435000 1.4327 1.6827
435500 1.3950 1.6867
436000 1.4319 1.6474
436500 1.4257 1.6721
437000 1.4243 1.6721
437500 1.4299 1.6554
438000 1.3994 1.6610
438500 1.4216 1.6729
439000 1.3746 1.6717
439500 1.4243 1.6508
440000 1.4062 1.6850
440500 1.4086 1.6670
441000 1.4178 1.6348
441500 1.4020 1.6936
442000 1.4282 1.6495
442500 1.4153 1.7039
443000 1.4248 1.6565
443500 1.4250 1.6733
444000 1.4071 1.6812
444500 1.4003 1.7097
445000 1.3960 1.7077
445500 1.4223 1.7125
446000 1.4211 1.7133
446500 1.4266 1.6820
447000 1.4122 1.6712
447500 1.4001 1.6950
448000 1.4141 1.6749
448500 1.4374 1.7157
449000 1.4099 1.6850
449500 1.4369 1.6683
450000 1.4149 1.6835
450500 1.4053 1.6420
451000 1.4139 1.6738
451500 1.4266 1.6774
452000 1.4070 1.6765
452500 1.4239 1.6691
453000 1.4432 1.6892
453500 1.4147 1.6731
454000 1.4143 1.6687
454500 1.4003 1.6752
455000 1.4074 1.6711
455500 1.4177 1.6609
456000 1.4064 1.6729
456500 1.4133 1.6928
457000 1.4224 1.6598
457500 1.4176 1.7005
458000 1.4096 1.6742
458500 1.4111 1.6573
459000 1.4108 1.6888
459500 1.4161 1.6866
460000 1.4153 1.6813
460500 1.4337 1.6795
461000 1.4175 1.6616
461500 1.4047 1.6631
462000 1.4265 1.7132
462500 1.3926 1.6621
463000 1.4175 1.6643
463500 1.4328 1.6658
464000 1.3966 1.6830
464500 1.4274 1.6965
465000 1.4145 1.6670
465500 1.4161 1.6638
466000 1.3997 1.6917
466500 1.4185 1.6880
467000 1.4211 1.6583
467500 1.4160 1.6856
468000 1.3987 1.6746
468500 1.4210 1.6868
469000 1.4077 1.6710
469500 1.4000 1.6438
470000 1.4068 1.6747
470500 1.3884 1.6376
471000 1.3979 1.6876
471500 1.3994 1.6245
472000 1.4141 1.6551
472500 1.4113 1.6582
473000 1.4084 1.6532
473500 1.4323 1.6663
474000 1.3814 1.6813
474500 1.4009 1.6962
475000 1.4209 1.6411
475500 1.4154 1.6483
476000 1.3890 1.6715
476500 1.4226 1.6406
477000 1.4062 1.6689
477500 1.4008 1.6898
478000 1.3945 1.6430
478500 1.4061 1.6563
479000 1.4058 1.6748
479500 1.3798 1.6739
480000 1.4023 1.6794
480500 1.4047 1.7069
481000 1.4065 1.6506
481500 1.4190 1.6799
482000 1.4073 1.6613
482500 1.4193 1.6990
483000 1.3940 1.6277
483500 1.3961 1.6788
484000 1.4110 1.6553
484500 1.3993 1.6640
485000 1.4272 1.6768
485500 1.4230 1.6723
486000 1.4013 1.6588
486500 1.4240 1.6718
487000 1.4157 1.6914
487500 1.4266 1.6825
488000 1.3934 1.6649
488500 1.4165 1.7190
489000 1.4203 1.6595
489500 1.4139 1.6627
490000 1.4218 1.6950
490500 1.4171 1.6836
491000 1.3778 1.6814
491500 1.3898 1.6669
492000 1.4075 1.6697
492500 1.4026 1.6595
493000 1.3834 1.6823
493500 1.4144 1.6454
494000 1.4374 1.6458
494500 1.3928 1.6591
495000 1.4004 1.6650
495500 1.4110 1.6401
496000 1.4176 1.6836
496500 1.4092 1.6773
497000 1.4103 1.6762
497500 1.3866 1.6749
498000 1.4192 1.6737
498500 1.4211 1.6626
499000 1.4225 1.6708
499500 1.4036 1.6668
500000 1.4214 1.6768
500500 1.4199 1.6492
501000 1.4075 1.6714
501500 1.3685 1.6845
502000 1.3980 1.6758
502500 1.3903 1.6858
503000 1.3866 1.6424
503500 1.4054 1.6342
504000 1.3928 1.6792
504500 1.4265 1.6521
505000 1.4127 1.6856
505500 1.4008 1.6568
506000 1.3812 1.7065
506500 1.4130 1.6857
507000 1.4177 1.6720
507500 1.4182 1.6685
508000 1.3988 1.6435
508500 1.4062 1.6680
509000 1.4143 1.6625
509500 1.4248 1.6442
510000 1.4005 1.6819
510500 1.4079 1.6785
511000 1.3820 1.6751
511500 1.4125 1.6834
512000 1.4186 1.6534
512500 1.4022 1.6403
513000 1.4128 1.6765
513500 1.4222 1.6872
514000 1.4089 1.6702
514500 1.4172 1.6847
515000 1.4198 1.6562
515500 1.4189 1.6726
516000 1.4092 1.6888
516500 1.4018 1.6618
517000 1.4007 1.6575
517500 1.4046 1.6735
518000 1.4029 1.6587
518500 1.4048 1.6467
519000 1.4367 1.6283
519500 1.4065 1.6827
520000 1.4005 1.6585
520500 1.3940 1.6756
521000 1.3926 1.6565
521500 1.4064 1.6684
522000 1.3872 1.6651
522500 1.4056 1.6973
523000 1.4124 1.6545
523500 1.3894 1.7103
524000 1.4062 1.6672
524500 1.3965 1.6594
525000 1.3963 1.6492
525500 1.4172 1.6408
526000 1.3975 1.6498
526500 1.4319 1.6944
527000 1.4119 1.6491
527500 1.4282 1.6712
528000 1.4055 1.6551
528500 1.4142 1.6615
529000 1.4185 1.6749
529500 1.4015 1.6467
530000 1.4002 1.6700
530500 1.4099 1.6546
531000 1.4043 1.6566
531500 1.3986 1.6672
532000 1.4075 1.6707
532500 1.4096 1.6452
533000 1.4199 1.6557
533500 1.3938 1.6603
534000 1.4256 1.6603
534500 1.4275 1.6638
535000 1.3945 1.7062
535500 1.4151 1.6712
536000 1.4046 1.6643
536500 1.3775 1.6383
537000 1.4033 1.6547
537500 1.4095 1.6699
538000 1.3972 1.6813
538500 1.3987 1.6561
539000 1.4096 1.6510
539500 1.4321 1.6635
540000 1.4025 1.6311
540500 1.3976 1.6409
541000 1.3982 1.6450
541500 1.4140 1.6977
542000 1.4015 1.6433
542500 1.3880 1.6775
543000 1.4087 1.6431
543500 1.4008 1.6628
544000 1.4049 1.6227
544500 1.4001 1.6449
545000 1.4091 1.6581
545500 1.4076 1.6767
546000 1.4266 1.6887
546500 1.4111 1.6593
547000 1.4111 1.7016
547500 1.4107 1.6499
548000 1.4114 1.6910
548500 1.3858 1.6985
549000 1.3932 1.6632
549500 1.4179 1.6800
550000 1.4088 1.6856
550500 1.4059 1.6418
551000 1.4106 1.6334
551500 1.4064 1.6536
552000 1.3947 1.6587
552500 1.4012 1.6879
553000 1.3943 1.6550
553500 1.4221 1.6825
554000 1.4025 1.6875
554500 1.3906 1.6967
555000 1.4080 1.6769
555500 1.4145 1.6778
556000 1.4191 1.6575
556500 1.3896 1.6556
557000 1.3960 1.6644
557500 1.4070 1.6810
558000 1.4117 1.6651
558500 1.3938 1.6610
559000 1.3958 1.6505
559500 1.3995 1.6325
560000 1.3949 1.6523
560500 1.4194 1.6744
561000 1.4022 1.6673
561500 1.3937 1.6806
562000 1.4018 1.6881
562500 1.4015 1.6534
563000 1.4154 1.6744
563500 1.4035 1.6995
564000 1.3884 1.6395
564500 1.3892 1.6603
565000 1.4055 1.6905
565500 1.3927 1.6740
566000 1.3965 1.6620
566500 1.4051 1.6238
567000 1.4017 1.6600
567500 1.3890 1.6428
568000 1.4081 1.6673
568500 1.4087 1.6701
569000 1.4196 1.6681
569500 1.3961 1.6687
570000 1.3720 1.6650
570500 1.3857 1.6847
571000 1.4065 1.6450
571500 1.4310 1.6824
572000 1.4101 1.6476
572500 1.4000 1.6777
573000 1.3918 1.6800
573500 1.4270 1.6755
574000 1.3944 1.6657
574500 1.4137 1.6663
575000 1.4018 1.6533
575500 1.4158 1.6780
576000 1.4172 1.6400
576500 1.4037 1.6421
577000 1.3842 1.6523
577500 1.3977 1.6540
578000 1.4069 1.6532
578500 1.4099 1.6421
579000 1.3911 1.6714
579500 1.4146 1.6670
580000 1.4048 1.6650
580500 1.4027 1.6618
581000 1.3816 1.6657
581500 1.3976 1.7141
582000 1.3890 1.6267
582500 1.4033 1.6432
583000 1.4064 1.6542
583500 1.3985 1.6495
584000 1.3931 1.6762
584500 1.4095 1.6511
585000 1.3924 1.6732
585500 1.4081 1.6687
586000 1.4009 1.6569
586500 1.4136 1.6819
587000 1.4263 1.6735
587500 1.3870 1.6864
588000 1.3792 1.6738
588500 1.3845 1.6729
589000 1.3753 1.6586
589500 1.3919 1.6568
590000 1.3955 1.6651
590500 1.3896 1.6422
591000 1.3961 1.6366
591500 1.3920 1.6517
592000 1.4057 1.6290
592500 1.3878 1.6235
593000 1.4128 1.6625
593500 1.4047 1.6556
594000 1.3933 1.6241
594500 1.3957 1.6574
595000 1.3816 1.6587
595500 1.4197 1.6313
596000 1.3908 1.6617
596500 1.3953 1.6368
597000 1.4012 1.6603
597500 1.3666 1.6448
598000 1.3979 1.6683
598500 1.3907 1.6549
599000 1.4281 1.6678
599500 1.3836 1.6591
600000 1.4052 1.6515
600500 1.4101 1.6847
601000 1.3993 1.6841
601500 1.4191 1.6641
602000 1.4000 1.6629
602500 1.3800 1.6942
603000 1.3990 1.6916
603500 1.4000 1.6732
604000 1.3768 1.6778
604500 1.4140 1.7183
605000 1.3946 1.6779
605500 1.3867 1.7011
606000 1.3860 1.6604
606500 1.4179 1.7063
607000 1.4010 1.6859
607500 1.3922 1.6397
608000 1.4064 1.6534
608500 1.3952 1.6612
609000 1.3761 1.6374
609500 1.4006 1.6582
610000 1.3903 1.6726
610500 1.3938 1.6698
611000 1.3933 1.6694
611500 1.3953 1.6723
612000 1.3692 1.6864
612500 1.4060 1.6802
613000 1.4015 1.6776
613500 1.4150 1.6843
614000 1.4111 1.6670
614500 1.3909 1.6746
615000 1.4224 1.6740
615500 1.4030 1.6583
616000 1.3838 1.6357
616500 1.3933 1.6567
617000 1.3973 1.6557
617500 1.3783 1.6707
618000 1.4030 1.6717
618500 1.3927 1.6636
619000 1.3889 1.6139
619500 1.4062 1.6344
620000 1.3851 1.6868
620500 1.3728 1.6719
621000 1.4085 1.6659
621500 1.3940 1.6485
622000 1.4168 1.6702
622500 1.3833 1.6993
623000 1.4083 1.6384
623500 1.4181 1.6902
624000 1.4005 1.6538
624500 1.4068 1.7051
625000 1.3801 1.6709
625500 1.4194 1.6532
626000 1.3958 1.6642
626500 1.4007 1.6541
627000 1.4114 1.6594
627500 1.4005 1.6793
628000 1.4025 1.6892
628500 1.4007 1.6900
629000 1.3924 1.6660
629500 1.4085 1.6702
630000 1.4018 1.6724
630500 1.3713 1.6893
631000 1.3946 1.6635
631500 1.4110 1.6805
632000 1.4117 1.6585
632500 1.3979 1.6634
633000 1.3904 1.5996
633500 1.3943 1.6239
634000 1.4031 1.6421
634500 1.4081 1.6333
635000 1.4074 1.6535
635500 1.4131 1.6124
636000 1.3813 1.6369
636500 1.4096 1.6610
637000 1.3946 1.6696
637500 1.3996 1.6860
638000 1.4075 1.6534
638500 1.4037 1.6653
639000 1.3980 1.6679
639500 1.3853 1.6329
640000 1.3959 1.6494
640500 1.3857 1.6766
641000 1.4081 1.6522
641500 1.3954 1.6730
642000 1.3911 1.6731
642500 1.4042 1.6135
643000 1.3959 1.6507
643500 1.3877 1.6334
644000 1.3894 1.6475
644500 1.4013 1.6824
645000 1.3914 1.6619
645500 1.3989 1.6173
646000 1.3979 1.6726
646500 1.4151 1.6464
647000 1.4004 1.6453
647500 1.3865 1.6677
648000 1.4219 1.6876
648500 1.4004 1.6627
649000 1.3862 1.6381
649500 1.3871 1.6796
650000 1.3898 1.6658
650500 1.4097 1.6763
651000 1.3960 1.6580
651500 1.4129 1.6875
652000 1.4150 1.6588
652500 1.4067 1.6402
653000 1.4150 1.6634
653500 1.3831 1.6569
654000 1.3943 1.6175
654500 1.3948 1.6456
655000 1.4033 1.6405
655500 1.3990 1.6645
656000 1.3912 1.6461
656500 1.3868 1.6547
657000 1.4099 1.6799
657500 1.3948 1.7110
658000 1.4013 1.6507
658500 1.4307 1.6679
659000 1.3831 1.6721
659500 1.4024 1.6680
660000 1.3935 1.6585
660500 1.4198 1.6559
661000 1.4030 1.6547
661500 1.3804 1.6613
662000 1.4046 1.6312
662500 1.3844 1.6581
663000 1.3916 1.6567
663500 1.3953 1.6721
664000 1.4024 1.6530
664500 1.3755 1.6480
665000 1.4137 1.6432
665500 1.3807 1.6695
666000 1.4070 1.6400
666500 1.4024 1.6535
667000 1.3596 1.6558
667500 1.3738 1.6230
668000 1.4183 1.6335
668500 1.3965 1.6614
669000 1.4084 1.6512
669500 1.3921 1.6643
670000 1.3903 1.6590
670500 1.4004 1.6512
671000 1.3683 1.6563
671500 1.4004 1.6541
672000 1.3987 1.6529
672500 1.3895 1.6548
673000 1.3936 1.6787
673500 1.4127 1.6626
674000 1.4007 1.6655
674500 1.3798 1.6536
675000 1.3905 1.6674
675500 1.3893 1.6464
676000 1.3797 1.6769
676500 1.4099 1.6210
677000 1.3818 1.6717
677500 1.4118 1.6619
678000 1.4143 1.6476
678500 1.3905 1.6492
679000 1.4178 1.6563
679500 1.3899 1.6734
680000 1.3904 1.6605
680500 1.4209 1.6587
681000 1.4067 1.6508
681500 1.3812 1.6738
682000 1.3944 1.6476
682500 1.4054 1.6293
683000 1.3819 1.6469
683500 1.4178 1.6845
684000 1.4171 1.6205
684500 1.3868 1.6537
685000 1.3861 1.6656
685500 1.3825 1.6465
686000 1.4057 1.6326
686500 1.3939 1.6393
687000 1.3945 1.6256
687500 1.4034 1.6602
688000 1.3824 1.6450
688500 1.4096 1.6213
689000 1.3920 1.6401
689500 1.4027 1.6859
690000 1.3749 1.6386
690500 1.3949 1.6600
691000 1.3953 1.6537
691500 1.3916 1.6592
692000 1.3775 1.6678
692500 1.3878 1.6634
693000 1.3729 1.6308
693500 1.3780 1.6393
694000 1.3989 1.6859
694500 1.3820 1.6889
695000 1.3881 1.6535
695500 1.3867 1.6117
696000 1.3805 1.6276
696500 1.4190 1.6593
697000 1.4020 1.6569
697500 1.3956 1.6485
698000 1.4216 1.6504
698500 1.3836 1.6871
699000 1.4087 1.6496
699500 1.3878 1.6784
700000 1.3879 1.6639
700500 1.4036 1.6585
701000 1.3975 1.6696
701500 1.3908 1.6632
702000 1.3951 1.6636
702500 1.3974 1.6763
703000 1.3965 1.6563
703500 1.3891 1.6354
704000 1.3844 1.6560
704500 1.3896 1.6789
705000 1.4167 1.6564
705500 1.3934 1.6546
706000 1.3927 1.6658
706500 1.3962 1.6825
707000 1.3902 1.6512
707500 1.3906 1.6636
708000 1.4154 1.6504
708500 1.3794 1.6322
709000 1.3764 1.6841
709500 1.3807 1.6662
710000 1.3837 1.6608
710500 1.3738 1.6812
711000 1.3981 1.6745
711500 1.3938 1.6742
712000 1.3829 1.6448
712500 1.3994 1.6541
713000 1.3921 1.6631
713500 1.3872 1.6775
714000 1.3808 1.6650
714500 1.3998 1.6777
715000 1.3795 1.6632
715500 1.3961 1.6684
716000 1.3688 1.6823
716500 1.4209 1.6828
717000 1.3866 1.6344
717500 1.3801 1.6694
718000 1.4128 1.6709
718500 1.3957 1.6500
719000 1.3798 1.6690
719500 1.3802 1.6670
720000 1.3951 1.6241
720500 1.3827 1.6714
721000 1.3803 1.6824
721500 1.4100 1.6694
722000 1.4076 1.6687
722500 1.4041 1.6688
723000 1.3974 1.6703
723500 1.4097 1.6531
724000 1.3866 1.6792
724500 1.3689 1.6842
725000 1.4220 1.6545
725500 1.3770 1.6969
726000 1.4025 1.6644
726500 1.3680 1.6423
727000 1.3998 1.6670
727500 1.4010 1.6326
728000 1.4010 1.6294
728500 1.3960 1.6606
729000 1.3885 1.6558
729500 1.3805 1.6220
730000 1.4004 1.6419
730500 1.3796 1.6434
731000 1.3780 1.6328
731500 1.3901 1.6716
732000 1.3913 1.6719
732500 1.3949 1.6960
733000 1.4069 1.6451
733500 1.3773 1.6855
734000 1.4068 1.6888
734500 1.3939 1.6496
735000 1.4075 1.6632
735500 1.3871 1.6588
736000 1.4013 1.6754
736500 1.3856 1.6968
737000 1.3980 1.6484
737500 1.3964 1.6621
738000 1.3877 1.6709
738500 1.3879 1.6384
739000 1.3761 1.6298
739500 1.4075 1.6593
740000 1.3755 1.6577
740500 1.3797 1.6413
741000 1.4108 1.6441
741500 1.4080 1.6489
742000 1.3824 1.6531
742500 1.3730 1.6436
743000 1.3731 1.6638
743500 1.3950 1.6658
744000 1.3980 1.6917
744500 1.3980 1.6714
745000 1.3951 1.6427
745500 1.3883 1.6357
746000 1.4108 1.6383
746500 1.3984 1.6469
747000 1.4033 1.6440
747500 1.3710 1.6766
748000 1.3797 1.6295
748500 1.4004 1.6409
749000 1.3967 1.6497
749500 1.4102 1.6517
750000 1.3806 1.6716
750500 1.3870 1.6368
751000 1.3779 1.6856
751500 1.3801 1.6452
752000 1.3824 1.6474
752500 1.4041 1.6128
753000 1.3790 1.6831
753500 1.3969 1.6644
754000 1.4071 1.6524
754500 1.3882 1.6599
755000 1.3853 1.6245
755500 1.3916 1.6590
756000 1.3807 1.6369
756500 1.3974 1.6499
757000 1.3758 1.6611
757500 1.3694 1.6575
758000 1.3577 1.6813
758500 1.4036 1.6416
759000 1.3893 1.6636
759500 1.3800 1.6596
760000 1.3900 1.6454
760500 1.3709 1.6230
761000 1.4042 1.6715
761500 1.3716 1.6330
762000 1.3840 1.6478
762500 1.3964 1.6220
763000 1.3692 1.6559
763500 1.3880 1.6717
764000 1.3869 1.6525
764500 1.3832 1.6355
765000 1.4016 1.6650
765500 1.3971 1.6388
766000 1.3949 1.6639
766500 1.3873 1.6528
767000 1.3851 1.6417
767500 1.3707 1.6495
768000 1.4036 1.6675
768500 1.3821 1.6808
769000 1.3943 1.6697
769500 1.4023 1.6555
770000 1.3762 1.6473
770500 1.3762 1.6509
771000 1.3978 1.6714
771500 1.3990 1.6838
772000 1.3837 1.6584
772500 1.3981 1.6236
773000 1.3762 1.6841
773500 1.3847 1.6659
774000 1.3819 1.6497
774500 1.3864 1.6483
775000 1.4008 1.6771
775500 1.3844 1.6484
776000 1.4116 1.6766
776500 1.3786 1.6995
777000 1.3742 1.6623
777500 1.3677 1.7017
778000 1.3802 1.6435
778500 1.3844 1.6535
779000 1.3840 1.7048
779500 1.3913 1.6713
780000 1.3868 1.6992
780500 1.3885 1.6503
781000 1.3807 1.6659
781500 1.3881 1.6540
782000 1.3847 1.6713
782500 1.3756 1.6561
783000 1.3739 1.6586
783500 1.4049 1.6315
784000 1.3767 1.6445
784500 1.3770 1.6638
785000 1.3903 1.6491
785500 1.3921 1.6811
786000 1.3959 1.6744
786500 1.3610 1.6878
787000 1.3834 1.6432
787500 1.4237 1.6961
788000 1.3921 1.6306
788500 1.3854 1.6683
789000 1.3751 1.6445
789500 1.3937 1.6873
790000 1.4017 1.6743
790500 1.3708 1.6628
791000 1.3883 1.6843
791500 1.3857 1.7078
792000 1.3977 1.6621
792500 1.4055 1.6732
793000 1.3863 1.6421
793500 1.3929 1.6847
794000 1.3728 1.6677
794500 1.3855 1.6396
795000 1.3909 1.6624
795500 1.3809 1.6587
796000 1.3740 1.6441
796500 1.3768 1.6482
797000 1.3873 1.6623
797500 1.3888 1.7059
798000 1.4064 1.6630
798500 1.3864 1.6698
799000 1.4096 1.6487
799500 1.3778 1.6573
800000 1.3680 1.6749
800500 1.3967 1.6376
801000 1.3766 1.6786
801500 1.3974 1.6627
802000 1.3776 1.6664
802500 1.3721 1.6251
803000 1.3730 1.6446
803500 1.3944 1.6403
804000 1.3921 1.6400
804500 1.3723 1.6307
805000 1.3759 1.6350
805500 1.3848 1.6273
806000 1.3672 1.6627
806500 1.3758 1.6699
807000 1.4063 1.6500
807500 1.3972 1.6650
808000 1.3803 1.6484
808500 1.3748 1.6851
809000 1.3804 1.6724
809500 1.3757 1.6607
810000 1.3658 1.6485
810500 1.3867 1.6741
811000 1.3664 1.6631
811500 1.3981 1.6504
812000 1.3907 1.6473
812500 1.3819 1.6524
813000 1.3908 1.6689
813500 1.3707 1.6182
814000 1.3821 1.6633
814500 1.3597 1.6803
815000 1.4108 1.6246
815500 1.4123 1.6133
816000 1.3912 1.6661
816500 1.3963 1.6263
817000 1.3642 1.6498
817500 1.3771 1.6480
818000 1.3842 1.6686
818500 1.3798 1.6697
819000 1.3829 1.6440
819500 1.3944 1.6544
820000 1.3882 1.6347
820500 1.3747 1.6501
821000 1.3923 1.6174
821500 1.3891 1.6274
822000 1.3879 1.6407
822500 1.3890 1.6304
823000 1.3820 1.6123
823500 1.3827 1.6263
824000 1.3825 1.6246
824500 1.3983 1.6566
825000 1.3739 1.6573
825500 1.3728 1.6470
826000 1.3988 1.6493
826500 1.3479 1.6871
827000 1.3928 1.6426
827500 1.4018 1.6603
828000 1.3576 1.6620
828500 1.3830 1.6657
829000 1.3984 1.6515
829500 1.3718 1.6534
830000 1.3732 1.6478
830500 1.3944 1.6947
831000 1.3843 1.6701
831500 1.3702 1.6479
832000 1.3875 1.6776
832500 1.3670 1.6323
833000 1.3815 1.6367
833500 1.3557 1.6550
834000 1.3668 1.6319
834500 1.3796 1.6432
835000 1.3671 1.6502
835500 1.3943 1.6552
836000 1.3903 1.6741
836500 1.3863 1.6569
837000 1.3509 1.6782
837500 1.3928 1.6775
838000 1.3846 1.6539
838500 1.3934 1.6330
839000 1.3889 1.6528
839500 1.3962 1.6532
840000 1.3614 1.6686
840500 1.3781 1.6723
841000 1.3818 1.6904
841500 1.3923 1.6481
842000 1.3819 1.6423
842500 1.4021 1.6240
843000 1.3859 1.6461
843500 1.3938 1.6398
844000 1.3957 1.6822
844500 1.3948 1.6439
845000 1.3908 1.6314
845500 1.3756 1.6405
846000 1.3747 1.6494
846500 1.3761 1.6563
847000 1.3789 1.6476
847500 1.3641 1.6320
848000 1.3801 1.6631
848500 1.3720 1.6246
849000 1.3948 1.6433
849500 1.3743 1.6693
850000 1.3873 1.6657
850500 1.3959 1.6200
851000 1.3966 1.6416
851500 1.3895 1.6286
852000 1.3770 1.6433
852500 1.3718 1.6693
853000 1.4032 1.6584
853500 1.3649 1.6427
854000 1.3975 1.6460
854500 1.3949 1.6460
855000 1.3910 1.6557
855500 1.3684 1.6676
856000 1.3725 1.6564
856500 1.3841 1.6754
857000 1.3695 1.6458
857500 1.3942 1.6548
858000 1.4022 1.7023
858500 1.3793 1.6294
859000 1.4130 1.6628
859500 1.3876 1.6561
860000 1.3686 1.6950
860500 1.3960 1.6744
861000 1.3969 1.6572
861500 1.3753 1.6542
862000 1.3823 1.6292
862500 1.3845 1.6527
863000 1.3698 1.6075
863500 1.3777 1.6522
864000 1.3835 1.6770
864500 1.3812 1.6738
865000 1.3729 1.6588
865500 1.4090 1.6720
866000 1.3814 1.6661
866500 1.3668 1.6826
867000 1.3700 1.6533
867500 1.3899 1.6424
868000 1.3737 1.6998
868500 1.3729 1.6556
869000 1.3700 1.6883
869500 1.3559 1.6538
870000 1.3818 1.6618
870500 1.3838 1.6650
871000 1.3830 1.6764
871500 1.3835 1.6473
872000 1.3620 1.6613
872500 1.3709 1.6359
873000 1.3981 1.6316
873500 1.3976 1.6349
874000 1.3778 1.6432
874500 1.3963 1.6288
875000 1.3771 1.6353
875500 1.3881 1.6599
876000 1.3656 1.6636
876500 1.3869 1.6741
877000 1.4036 1.6629
877500 1.3838 1.6469
878000 1.3736 1.6618
878500 1.3885 1.6712
879000 1.3813 1.6510
879500 1.3774 1.6587
880000 1.3748 1.6541
880500 1.4183 1.6456
881000 1.3775 1.6369
881500 1.3909 1.6501
882000 1.4105 1.6331
882500 1.3685 1.6618
883000 1.3804 1.6768
883500 1.3875 1.6617
884000 1.3879 1.6722
884500 1.3796 1.6471
885000 1.3609 1.6210
885500 1.3797 1.6399
886000 1.3873 1.6379
886500 1.3988 1.6562
887000 1.3873 1.6940
887500 1.3835 1.6493
888000 1.3850 1.6404
888500 1.3655 1.6488
889000 1.3829 1.6439
889500 1.4177 1.6542
890000 1.3679 1.6481
890500 1.3773 1.6116
891000 1.3885 1.6682
891500 1.3865 1.6857
892000 1.3786 1.6539
892500 1.3683 1.6720
893000 1.3542 1.6767
893500 1.3491 1.6870
894000 1.3932 1.6533
894500 1.3797 1.6973
895000 1.3897 1.6494
895500 1.3877 1.6761
896000 1.3747 1.6524
896500 1.3813 1.6472
897000 1.3866 1.6475
897500 1.3674 1.6664
898000 1.3961 1.6453
898500 1.3855 1.6512
899000 1.3673 1.6607
899500 1.3681 1.6407
900000 1.3900 1.6477
900500 1.3874 1.6421
901000 1.3752 1.6705
901500 1.3600 1.6419
902000 1.3907 1.6601
902500 1.3983 1.6352
903000 1.3756 1.6993
903500 1.3768 1.6560
904000 1.3727 1.6365
904500 1.3935 1.6559
905000 1.3810 1.6438
905500 1.3781 1.6455
906000 1.4009 1.6483
906500 1.3631 1.6705
907000 1.3718 1.6954
907500 1.3821 1.6329
908000 1.3642 1.6721
908500 1.3773 1.6348
909000 1.3983 1.6685
909500 1.3663 1.6414
910000 1.3723 1.6840
910500 1.3580 1.6735
911000 1.4111 1.6676
911500 1.3690 1.6381
912000 1.3997 1.6410
912500 1.3736 1.6619
913000 1.4019 1.6755
913500 1.3845 1.6405
914000 1.3975 1.6444
914500 1.3796 1.6842
915000 1.3998 1.6276
915500 1.3848 1.6395
916000 1.3857 1.6587
916500 1.3777 1.6688
917000 1.3764 1.6667
917500 1.3651 1.6470
918000 1.3713 1.6558
918500 1.3817 1.6333
919000 1.3579 1.6655
919500 1.3695 1.6600
920000 1.3824 1.6807
920500 1.3872 1.6575
921000 1.3671 1.6473
921500 1.3922 1.6652
922000 1.3857 1.6652
922500 1.3744 1.6250
923000 1.3802 1.6445
923500 1.3747 1.6428
924000 1.3941 1.6491
924500 1.3823 1.6818
925000 1.3889 1.6874
925500 1.3759 1.6601
926000 1.3705 1.6571
926500 1.3933 1.6620
927000 1.3835 1.6223
927500 1.3584 1.6813
928000 1.3756 1.6457
928500 1.3722 1.6704
929000 1.3747 1.6203
929500 1.3706 1.6585
930000 1.3638 1.6778
930500 1.3600 1.6397
931000 1.3906 1.6399
931500 1.3667 1.6445
932000 1.3759 1.6646
932500 1.3911 1.6572
933000 1.3771 1.6452
933500 1.3691 1.6732
934000 1.3635 1.6737
934500 1.3986 1.6905
935000 1.3764 1.6896
935500 1.3756 1.6892
936000 1.3639 1.7239
936500 1.3446 1.6612
937000 1.3721 1.6558
937500 1.3602 1.6662
938000 1.3764 1.6707
938500 1.3815 1.6416
939000 1.3694 1.6599
939500 1.3573 1.6543
940000 1.3836 1.6336
940500 1.3963 1.6810
941000 1.3871 1.6562
941500 1.3712 1.6370
942000 1.3916 1.6704
942500 1.3582 1.6656
943000 1.3756 1.6310
943500 1.3677 1.6499
944000 1.3772 1.6242
944500 1.3960 1.6468
945000 1.3638 1.7087
945500 1.3837 1.6275
946000 1.3904 1.6509
946500 1.3834 1.6395
947000 1.3867 1.6445
947500 1.3835 1.6350
948000 1.3889 1.6494
948500 1.3639 1.6646
949000 1.3743 1.6456
949500 1.3649 1.6907
950000 1.3750 1.6700
950500 1.3909 1.6613
951000 1.3736 1.6791
951500 1.3883 1.6416
952000 1.3730 1.6530
952500 1.3745 1.6530
953000 1.3874 1.6672
953500 1.3766 1.6575
954000 1.3727 1.6656
954500 1.3829 1.6391
955000 1.3752 1.6587
955500 1.3813 1.6568
956000 1.3790 1.6717
956500 1.3933 1.6753
957000 1.3779 1.6458
957500 1.3726 1.7003
958000 1.3820 1.6194
958500 1.3705 1.6545
959000 1.3847 1.6700
959500 1.3650 1.6771
960000 1.3686 1.6584
960500 1.3620 1.6730
961000 1.4009 1.6414
961500 1.3744 1.6683
962000 1.3843 1.6537
962500 1.3730 1.6551
963000 1.3847 1.6842
963500 1.3935 1.6694
964000 1.3595 1.6558
964500 1.3831 1.6312
965000 1.3823 1.6351
965500 1.3648 1.6750
966000 1.3787 1.6556
966500 1.3970 1.6773
967000 1.3993 1.6675
967500 1.3936 1.6424
968000 1.3692 1.6610
968500 1.3757 1.6480
969000 1.3830 1.6595
969500 1.3860 1.6703
970000 1.3696 1.6165
970500 1.3605 1.6537
971000 1.3738 1.6333
971500 1.3735 1.6283
972000 1.3752 1.6525
972500 1.3843 1.6630
973000 1.3808 1.6621
973500 1.3867 1.6180
974000 1.3972 1.6827
974500 1.4043 1.6706
975000 1.3756 1.6617
975500 1.3695 1.6589
976000 1.3818 1.6607
976500 1.3806 1.6613
977000 1.3908 1.6627
977500 1.3661 1.6739
978000 1.3792 1.6587
978500 1.3776 1.6828
979000 1.4083 1.6512
979500 1.3745 1.6505
980000 1.3483 1.6774
980500 1.3759 1.6777
981000 1.3890 1.6510
981500 1.3609 1.6687
982000 1.3582 1.6702
982500 1.3679 1.6626
983000 1.3542 1.6528
983500 1.3727 1.6215
984000 1.3895 1.6525
984500 1.3826 1.6596
985000 1.3651 1.6360
985500 1.3650 1.6357
986000 1.4009 1.6532
986500 1.3768 1.6732
987000 1.3716 1.6639
987500 1.3585 1.6597
988000 1.3905 1.6321
988500 1.3727 1.6764
989000 1.3687 1.6944
989500 1.3721 1.6614
990000 1.3756 1.6710
990500 1.3687 1.6594
991000 1.3806 1.6841
991500 1.4107 1.6680
992000 1.3781 1.6674
992500 1.3716 1.6825
993000 1.3619 1.6542
993500 1.3742 1.6549
994000 1.3745 1.6294
994500 1.3885 1.6459
995000 1.3975 1.6753
995500 1.3856 1.6809
996000 1.3853 1.6808
996500 1.3690 1.6496
997000 1.3542 1.6702
997500 1.3677 1.6534
998000 1.3780 1.6773
998500 1.3872 1.6632
999000 1.3875 1.6583
999500 1.3801 1.6879
999999 1.3804 1.6858
